4294967278,5
4294967278,4
4294967279,132
4294967279,131
4294967279,130
4294967279,129
4294967279,128
4294967279,127
4294967279,126
4294967279,125
4294967279,124
4294967279,123
4294967279,122
4294967279,121
4294967279,120
4294967279,156
4294967278,155
4294967278,154
4294967278,153
4294967278,33
4294967278,32
4294967278,31
4294967278,30
4294967278,288
4294967278,22
4294967278,21
4294967278,20
4294967278,19
4294967278,18
4294967278,17
4294967278,16
4294967278,15
4294967278,339
4294967278,14
4294967278,13
4294967278,12
4294967278,11
4294967278,337
4294967278,10
4294967278,9
4294967278,8
4294967278,7
4294967278,6
4294967278,152
4294967279,152
4294967278,151
42,6
4294967279,151
42,5
4294967278,150
42,4
4294967279,150
42,3
42,2
42,1
4294967279,303
4294967278,149
4294967294,429
4294967294,1420
4294967279,149
4294967278,148
4294967279,148
4294967278,147
41,6
4294967279,147
41,5
4294967278,146
41,4
4294967279,146
41,3
41,2
41,1
4294967279,300
4294967278,145
4294967279,145
4294967278,29
4294967278,144
4294967279,144
4294967278,143
40,5
4294967279,143
40,4
4294967278,142
40,3
40,2
40,1
4294967278,273
4294967279,142
4294967278,141
4294967279,298
4294967278,27
4294967278,291
4294967278,139
4294967278,28
4294967278,292
4294967279,297
4294967279,437
4294967278,25
4294967278,137
4294967278,276
4294967278,26
4294967278,308
4294967279,138
4294967278,275
4294967278,289
4294967279,278
4294967278,23
4294967278,135
4294967278,24
4294967279,277
4294967279,276
4294967279,133
4294967279,291
4294967279,404
4294967279,274
4294967279,273
4294967279,272
39,6
39,5
4294967279,271
39,4
39,3
39,2
39,1
4294967279,270
4294967279,269
4294967279,287
38,6
38,5
4294967279,267
38,4
38,3
38,2
38,1
4294967279,266
4294967294,387
4294967279,265
4294967279,264
37,5
37,4
4294967279,263
37,3
37,2
37,1
4294967279,436
4294967294,389
4294967279,262
4294967278,366
4294967279,275
4294967279,259
4294967279,403
4294967278,40
4294967278,39
4294967278,38
4294967278,37
4294967278,36
4294967278,35
4294967278,34
4294967279,435
4294967279,434
4294967279,281
4294967278,365
4294967278,364
4294967279,433
4294967279,432
4294967278,363
4294967278,256
4294967279,431
4294967278,362
4294967279,430
4294967278,361
4294967279,429
4294967278,255
4294967279,428
4294967278,360
4294967279,427
4294967278,254
4294967278,359
4294967278,252
4294967278,251
4294967279,426
4294967278,248
4294967278,46
4294967278,45
4294967278,44
4294967278,43
4294967278,42
4294967278,41
4294967278,247
4294967278,244
4294967278,241
4294967278,239
4294967278,358
4294967278,234
4294967278,232
4294967278,226
36,6
4294967278,230
36,5
36,4
4294967278,228
36,3
36,2
36,1
4294967278,227
4294967278,50
4294967278,49
4294967278,48
4294967278,47
4294967279,62
4294967279,61
4294967279,59
4294967279,56
4294967279,55
4294967279,53
4294967279,52
4294967279,50
4294967279,49
4294967279,47
4294967279,46
4294967279,43
4294967279,41
4294967279,39
4294967279,38
4294967279,36
4294967279,35
4294967279,33
4294967279,31
4294967279,30
4294967279,29
4294967279,28
4294967279,26
4294967279,25
4294967279,23
4294967279,22
4294967279,20
4294967279,19
4294967279,16
4294967279,14
4294967279,11
4294967278,222
35,6
4294967278,220
35,5
35,4
4294967278,218
35,3
35,2
35,1
4294967278,217
4294967294,120
4294967294,115
4294967294,390
4294967278,216
4294967278,214
34,6
4294967278,213
34,5
34,4
4294967278,212
34,3
34,2
34,1
4294967278,357
4294967278,211
4294967278,210
33,5
4294967278,209
33,4
33,3
33,2
33,1
4294967279,425
4294967278,208
4294967278,356
4294967294,396
4294967294,395
4294967294,419
4294967294,385
4294967294,178
4294967294,179
4294967294,153
4294967294,524
4294967294,168
4294967294,402
4294967294,454
4294967294,451
4294967294,397
4294967279,424
4294967279,423
4294967278,355
4294967278,354
4294967278,0
4294967294,1012
4294967294,388
4294967278,349
4294967278,348
4294967294,469
4294967294,1001
4294967294,440
4294967294,91
4294967294,90
4294967294,87
4294967294,86
4294967294,84
4294967294,155
4294967294,393
4294967294,45
4294967294,40
4294967294,38
4294967294,8
4294967278,347
4294967278,201
4294967278,200
4294967294,50
4294967294,44
4294967294,5
4294967278,198
4294967294,99
4294967294,76
4294967294,36
4294967294,41
4294967294,425
4294967294,43
4294967294,417
4294967294,51
4294967294,52
